"p_val" "avg_log2FC" "pct.1" "pct.2" "p_val_adj"
"Ngfr" 0 12.7418588347718 1 0 0
"Ggt5" 2.91114154990905e-42 2.25717246897509 0.588 0.114 6.46593649650298e-38
"Gm12248" 2.4889723045741e-39 4.89308608948365 0.113 0.003 5.52825638568954e-35
"Entpd2" 3.80511356794784e-34 2.11204686017051 0.732 0.232 8.45153774576895e-30
"Apod" 4.26188664507128e-34 2.70124874683467 0.392 0.063 9.46607642736783e-30
"Adh1" 4.4171736365148e-32 2.81998907459441 0.412 0.075 9.81098436406301e-28
"Mest" 8.16497738816381e-31 2.09954046885084 0.464 0.094 1.81352312768506e-26
"Slfn5" 6.06482049146033e-30 1.99072522142725 0.784 0.288 1.34705727935825e-25
"Hpca" 1.30246917088206e-29 3.97297120792758 0.113 0.005 2.89291427544615e-25
"Igsf10" 1.01846853373679e-28 1.92727940123939 0.619 0.177 2.26212046028278e-24
"Ldb2" 1.19097934827877e-28 2.69828997829414 0.268 0.035 2.64528423046197e-24
"Sned1" 2.01083297074811e-26 2.26192289259879 0.66 0.228 4.46626111132863e-22
"Ntrk2" 2.3866841480018e-26 1.88936164412122 0.433 0.094 5.3010641611268e-22
"Cyp26b1" 3.16749011657056e-26 2.28150868060138 0.443 0.103 7.03531229791486e-22
"Cygb" 5.70979026505323e-26 1.54065685644047 0.845 0.402 1.26820151577097e-21
"Iigp1" 1.3860938787605e-25 2.06095743692924 0.773 0.312 3.07865311411495e-21
"Abca8a" 2.97341451226766e-25 1.72278092590417 0.443 0.1 6.60425097319771e-21
"Fign" 2.2341071183857e-24 2.176378870025 0.464 0.116 4.96217532064647e-20
"Inmt" 5.5852607429928e-24 3.51502741867926 0.175 0.018 1.24054226362613e-19
"B2m" 5.94116299201059e-24 1.09667103202637 1 0.93 1.31959171215547e-19
"Atp1a2" 1.9293839599018e-23 1.81071487864677 0.423 0.097 4.28535471333788e-19
"Clec3b" 2.39086273716649e-23 1.43821480184914 0.639 0.219 5.31034522552048e-19
"Ifi207" 3.74579779246013e-23 1.91999330959575 0.505 0.143 8.31979147683319e-19
"Lama2" 3.75360870421787e-23 1.62620527130241 0.546 0.155 8.3371402929383e-19
"Gdf10" 7.7166333138176e-23 1.43076397933041 0.454 0.111 1.71394142533203e-18
"Gm4951" 8.76916505867552e-23 2.0302929852111 0.423 0.101 1.94771925118242e-18
"Ms4a4d" 1.40803338048942e-22 1.68974053340157 0.619 0.208 3.12738294140505e-18
"Dpep1" 3.55624021317145e-22 1.62666625301927 0.639 0.229 7.89876513747511e-18
"Eng" 6.80374239570889e-22 1.77791920689311 0.608 0.209 1.5111792235109e-17
"Igfbp7" 9.53595148668741e-22 1.15516583762406 0.969 0.834 2.11803018470814e-17
"Sept4" 1.20711205917751e-21 2.01926027405297 0.454 0.121 2.68111659463918e-17
"Ifi27l2a" 2.85693901370048e-21 1.51499265224223 0.753 0.327 6.34554724333014e-17
"Ifi203" 3.4657282317549e-21 1.56337310730572 0.711 0.286 7.69772897555082e-17
"Col4a4" 3.96384919942064e-21 2.7286362971896 0.165 0.018 8.80410545683318e-17
"Vtn" 4.66238464624478e-21 1.91169707410552 0.33 0.069 1.03556225377743e-16
"Col14a1" 4.88715306232767e-21 1.15426064354286 0.753 0.298 1.0854855666736e-16
"Ephx3" 5.90614727448438e-21 4.29560817571812 0.103 0.007 1.31181437113572e-16
"Gsn" 6.70606003915188e-21 1.41911033696198 0.948 0.734 1.48948299529602e-16
"AW112010" 7.8822924847081e-21 1.68679418659031 0.66 0.263 1.75073598377852e-16
"Vstm4" 1.35593924770802e-20 1.80654088033003 0.392 0.093 3.01167666308427e-16
"H2-D1" 1.83052832048148e-20 1.34176021130703 0.948 0.738 4.06578645262141e-16
"P2ry14" 1.89936837899495e-20 2.24334965669223 0.247 0.041 4.21868710658568e-16
"Scn7a" 2.30445359099672e-20 1.49282699793431 0.629 0.213 5.11842187096281e-16
"Lifr" 6.83883585462063e-20 1.50733843677201 0.588 0.205 1.51897383166979e-15
"Lrrc17" 1.94875562243932e-19 1.51960492315747 0.433 0.115 4.32838111299998e-15
"Cyp7b1" 2.91963492777357e-19 1.62978677400043 0.536 0.18 6.48480113807787e-15
"Gucy1b1" 3.51834688708502e-19 1.64155976767502 0.33 0.074 7.81460027090453e-15
"Rarres2" 5.92775541474758e-19 1.1410016801953 0.866 0.493 1.31661375516958e-14
"Gstt1" 7.67090830897605e-19 1.69629570339245 0.412 0.112 1.70378544450667e-14
"Plxdc2" 1.13830709154063e-18 1.25998925626246 0.794 0.385 2.5282938810209e-14
"Klf14" 1.32636337196526e-18 3.49783717989379 0.082 0.005 2.94598568547203e-14
"Steap3" 1.33008386377813e-18 1.76743406745401 0.567 0.209 2.95424926983761e-14
"C4b" 1.65122160925662e-18 1.56928745612189 0.67 0.301 3.66752831631988e-14
"C1ra" 2.15225429572215e-18 1.63432506756879 0.763 0.423 4.78037201622847e-14
"Ccl11" 3.0521748571942e-18 1.44317493522551 0.567 0.194 6.77918557531404e-14
"Dapk1" 3.396191037717e-18 1.39923146894605 0.629 0.243 7.54327991387323e-14
"Ccl5" 3.92720306373808e-18 1.62674052203306 0.289 0.061 8.72271072486865e-14
"Ogfrl1" 5.59099948342851e-18 1.693705253379 0.402 0.109 1.24181689526431e-13
"Ifi205" 1.27225297821957e-17 1.6379323918766 0.629 0.264 2.82580108992349e-13
"Serpina3n" 1.2952611715951e-17 1.5962378614996 0.67 0.3 2.87690458822988e-13
"Ramp2" 2.11324891974156e-17 1.60145600101452 0.443 0.135 4.69373717563798e-13
"Gbp4" 2.36708131855976e-17 1.87095084868761 0.33 0.08 5.25752431665309e-13
"Dpt" 3.21106315299506e-17 1.14094997450753 0.722 0.317 7.13209236911733e-13
"Deptor" 3.47895021375447e-17 2.05280943835376 0.33 0.082 7.72709631977005e-13
"Ecm2" 4.04882515437076e-17 1.31088711299534 0.392 0.105 8.99284555037289e-13
"H2-Q6" 4.60291597656669e-17 1.44784743927667 0.546 0.192 1.02235366755523e-12
"Runx1t1" 4.97795535514467e-17 1.576821224579 0.505 0.175 1.10565366393118e-12
"Lbp" 5.08801476985504e-17 1.06788759512008 0.598 0.219 1.1300989605325e-12
"0610043K17Rik" 5.32274976035377e-17 5.26107136612915 0.052 0.002 1.18223594927218e-12
"Serping1" 7.40969152075692e-17 1.30614794204762 0.897 0.808 1.64576658367532e-12
"Sp100" 7.48143199845142e-17 1.25516045322261 0.629 0.252 1.66170086117605e-12
"Tnxb" 7.74221735197754e-17 1.18071717973514 0.639 0.256 1.71962389604773e-12
"Il17ra" 8.21333090306658e-17 1.50182360889861 0.515 0.185 1.82426292688012e-12
"Gucy1a1" 9.26834181127566e-17 1.78037375830605 0.381 0.108 2.05859139970244e-12
"Ogn" 1.09126308597349e-16 1.4480291893375 0.67 0.304 2.42380444025572e-12
"Fxyd6" 1.09850831531864e-16 1.86449109027781 0.567 0.224 2.43989681915423e-12
"Steap4" 1.15137540589598e-16 1.38181140325996 0.68 0.302 2.55731991403557e-12
"Ace" 1.57201122624512e-16 1.52475382604634 0.474 0.155 3.49159413461302e-12
"Ar" 1.6347373914503e-16 1.06598612557708 0.691 0.297 3.63091522015026e-12
"Svep1" 1.73644758273737e-16 1.36878137512479 0.711 0.344 3.85682372601797e-12
"Fyb2" 1.80947216469617e-16 3.50517788150206 0.113 0.011 4.01901862500667e-12
"Gpx3" 2.8184632279037e-16 1.11420825682749 0.918 0.71 6.2600886754969e-12
"Cd302" 2.85895525897012e-16 1.23996788290869 0.68 0.307 6.35002552569853e-12
"Vegfd" 3.7369898547619e-16 1.66019222014802 0.526 0.195 8.30022816641165e-12
"Ncald" 3.78389894234665e-16 1.55562235614116 0.361 0.097 8.40441794084614e-12
"Pde1a" 4.09124875927671e-16 1.55588137233318 0.464 0.156 9.08707261922949e-12
"2010109A12Rik" 4.32912906719988e-16 2.54060851037924 0.216 0.041 9.61542857115766e-12
"Ebf3" 6.65348077102544e-16 1.29585840704504 0.392 0.111 1.47780461405246e-11
"Sparcl1" 7.45421137622465e-16 1.03598903096104 0.732 0.33 1.65565488877326e-11
"Ebf1" 1.84015685202324e-15 1.10904046994023 0.804 0.409 4.08717238402882e-11
"Psmb8" 1.85392385152733e-15 1.24775522784109 0.711 0.342 4.11775026662736e-11
"C3" 2.42730635347304e-15 1.90138731755993 0.804 0.713 5.39129014169897e-11
"Irgm1" 2.55394116568989e-15 1.34903617636282 0.495 0.174 5.67255872311381e-11
"Fmo1" 2.74132855600977e-15 1.4401483426135 0.289 0.068 6.0887648557533e-11
"Cd34" 2.75392812591258e-15 1.03347815725122 0.691 0.311 6.11674976046442e-11
"Lmo2" 3.00097678592635e-15 1.36030029832541 0.34 0.091 6.665469539221e-11
"Osr2" 3.44388708347058e-15 2.15854628538317 0.371 0.113 7.64921760109651e-11
"Rspo3" 3.84045986705871e-15 2.17122972225923 0.34 0.096 8.5300454107241e-11
"Grasp" 3.99089486961866e-15 1.90442673261418 0.33 0.09 8.86417659491e-11
"Pnp2" 4.92781485023184e-15 1.76501989708521 0.309 0.079 1.09451695638499e-10
"Gm10115" 5.24200210112291e-15 1.51177320911562 0.361 0.103 1.16430108668041e-10
"Reps2" 5.5983032648185e-15 1.67691283066777 0.216 0.042 1.24343913814884e-10
"Cilp" 5.98951165622917e-15 1.63462277467656 0.454 0.158 1.33033043396506e-10
"Gm12185" 6.71452860662743e-15 3.16073379710702 0.082 0.007 1.49136394881802e-10
"Anpep" 6.74710674417447e-15 1.19793924723453 0.423 0.129 1.49859987894859e-10
"Ephb2" 7.6184324685214e-15 1.54801329033459 0.526 0.204 1.69213003558329e-10
"Batf3" 8.08242888327304e-15 2.12353987978176 0.165 0.026 1.79518827926377e-10
"Adap2" 8.11135434741704e-15 2.72192522569512 0.134 0.018 1.8016129141048e-10
"Csf2rb2" 8.73858762541198e-15 1.80751847337532 0.237 0.05 1.94092769748026e-10
"Cmklr1" 8.97364531994294e-15 2.03606826688357 0.299 0.076 1.99313636201253e-10
"Cxcl9" 9.91415845510554e-15 1.9949397090609 0.433 0.15 2.20203373446349e-10
"Pla2r1" 1.00014063826607e-14 1.54237844075085 0.454 0.154 2.22141237165277e-10
"Igsf21" 1.021093551706e-14 7.08557897434477 0.021 0 2.2679508876942e-10
"Mettl7a1" 1.27037323105533e-14 1.60987315996164 0.268 0.063 2.82162598349699e-10
"Selenop" 1.2766355670704e-14 1.04991426086562 0.784 0.43 2.83553525802006e-10
"Psmb9" 1.95909376835162e-14 1.27108754706121 0.495 0.186 4.35134316888578e-10
"Ccl8" 1.99191039474361e-14 1.66072529213676 0.33 0.091 4.42423217776503e-10
"Npy1r" 2.77119741346232e-14 2.3479749151381 0.155 0.024 6.15510657504115e-10
"Pth1r" 3.44735918044571e-14 1.27073394178787 0.474 0.168 7.65692947568797e-10
"Ly6c1" 3.51057244622534e-14 1.66325366573391 0.546 0.23 7.79733246031111e-10
"Lpar1" 3.52494495261701e-14 1.24161116161288 0.629 0.28 7.82925523425764e-10
"C1s1" 3.86411808946112e-14 1.08200214495637 0.887 0.719 8.5825926885021e-10
"H2-Q4" 4.03776281034854e-14 1.38098847224734 0.464 0.168 8.96827497806513e-10
"Ly6a" 4.10372775792769e-14 1.21167004511866 0.804 0.506 9.11478972313319e-10
"Cxcl10" 4.43526421090696e-14 1.76781623576188 0.567 0.234 9.85116533884545e-10
"Kng2" 4.72731039663614e-14 1.39363708526365 0.34 0.097 1.04998291219685e-09
"Ccl19" 5.20575496600942e-14 1.9631125599462 0.206 0.041 1.15625023550035e-09
"Ptgir" 6.50633321133611e-14 1.81201433376571 0.268 0.066 1.44512166956986e-09
"Cped1" 6.9312129903459e-14 1.44098255417455 0.423 0.145 1.53949171728573e-09
"Rab42" 8.34869037062816e-14 4.09313645862332 0.082 0.007 1.85432761822022e-09
"Pcdh12" 9.06719228262317e-14 2.87420141914059 0.113 0.014 2.01391407789343e-09
"Adam23" 1.27370733729792e-13 2.0527143352293 0.206 0.042 2.82903136687242e-09
"Gbp6" 1.90752209834252e-13 1.11415564374103 0.443 0.156 4.23679733262858e-09
"Igtp" 2.00932557381885e-13 1.04231772278775 0.474 0.17 4.46291303200904e-09
"Pgr" 2.21226970046459e-13 2.58725910074102 0.103 0.012 4.9136722317019e-09
"Pcolce" 2.30699144964478e-13 1.03579186978313 0.856 0.621 5.12405870880603e-09
"Slc15a3" 2.35000240934255e-13 1.43444249924513 0.392 0.128 5.21959035139073e-09
"Itih5" 2.41267984457189e-13 1.61267690872017 0.691 0.391 5.35880320277862e-09
"Kctd12" 2.42861911545056e-13 1.04416240041097 0.629 0.296 5.39420591732725e-09
"Irf8" 2.51628658329076e-13 2.01075205561648 0.371 0.124 5.58892413014711e-09
"Pid1" 2.79187084507534e-13 1.40675682506963 0.392 0.127 6.20102433399684e-09
"Fgf7" 3.2448310140714e-13 1.22069322070115 0.381 0.122 7.20709416535399e-09
"Sp110" 3.78794002923352e-13 1.46581961954396 0.371 0.121 8.41339359893057e-09
"Kcna2" 4.52690059820415e-13 3.99328796695223 0.062 0.004 1.00546989186712e-08
"Col6a6" 4.65627857516554e-13 1.54032991877405 0.258 0.064 1.03420603433002e-08
"Mndal" 4.66332252103436e-13 1.16964118813219 0.639 0.306 1.03577056514694e-08
"Myorg" 4.80843479107375e-13 2.65257664013571 0.216 0.049 1.06800145144539e-08
"H2-DMa" 5.12158489877557e-13 1.38892993437242 0.392 0.132 1.13755522186704e-08
"Srpx2" 5.44690359137871e-13 1.2252649516098 0.495 0.19 1.20981175668112e-08
"Gli1" 7.06757821223311e-13 2.44558594520348 0.113 0.015 1.5697797967191e-08
"Gbp8" 7.4143059570687e-13 1.2648081653619 0.227 0.051 1.64679149612453e-08
"Calhm6" 8.95612592373625e-13 1.81106211991082 0.216 0.049 1.98924512892106e-08
"Wasf3" 9.19570254472968e-13 2.39209473815651 0.144 0.023 2.04245749220991e-08
"Ifitm1" 9.2797508039663e-13 1.7618992836453 0.495 0.208 2.06112545106896e-08
"Mmp3" 9.32969234322689e-13 1.4205436783973 0.351 0.108 2.07221796635412e-08
"Cebpd" 1.09037322139211e-12 1.30259928957577 0.68 0.388 2.42182796203402e-08
"Sash1" 1.21609465316083e-12 1.03727207997911 0.608 0.265 2.70106783413551e-08
"Mycbp2" 1.35598929913671e-12 1.06044809169142 0.814 0.531 3.01178783231254e-08
"Ly6h" 1.4531601520383e-12 2.70025414228911 0.113 0.015 3.22761401369226e-08
"Htra3" 1.52445765561299e-12 1.25601321018611 0.711 0.408 3.385972898882e-08
"Ptx3" 1.56508255402131e-12 1.19028703403433 0.371 0.12 3.47620486073673e-08
"Plekha6" 1.80714196826104e-12 1.4490515225766 0.289 0.081 4.0138430257046e-08
"H2-T23" 2.10952620221144e-12 1.16695654304473 0.619 0.297 4.68546864773183e-08
"Ank2" 2.12000502967057e-12 1.40076492205503 0.454 0.175 4.7087431714013e-08
"Ifi47" 2.15434489413565e-12 1.22268236824756 0.495 0.202 4.7850154443647e-08
"Fndc5" 2.18276701401197e-12 2.1474898753033 0.268 0.074 4.84814381482198e-08
"Gm38393" 2.66302798874838e-12 4.27009474423417 0.041 0.002 5.91485146580902e-08
"Fbxl18" 3.04575796161941e-12 1.67224358253515 0.392 0.139 6.76493300855287e-08
"Sphkap" 3.09229139538271e-12 2.52234052227644 0.082 0.008 6.86828841828453e-08
"Cp" 4.08771886822662e-12 1.14610463935273 0.649 0.329 9.07923237821815e-08
"Rgs7bp" 4.12316798560421e-12 1.56756609151219 0.206 0.047 9.1579684128255e-08
"Gbp3" 4.3503659457042e-12 1.32468985927429 0.433 0.161 9.66259780200359e-08
"Spns2" 4.56517585274354e-12 1.99833514211118 0.216 0.051 1.01397120865287e-07
"Pdzd2" 5.26741509617729e-12 1.24951523366499 0.309 0.09 1.16994556701194e-07
"Gm13889" 5.33157669408098e-12 1.94344185759114 0.289 0.084 1.18419649952233e-07
"Stat1" 5.62987891545292e-12 1.21900486843197 0.711 0.392 1.25045240591125e-07
"Unc93b1" 6.67449653279151e-12 1.14651846028435 0.515 0.231 1.48247242489832e-07
"Gbp7" 6.77790687983901e-12 1.14316979673829 0.557 0.24 1.50544089708104e-07
"Cdkn1c" 6.78128322745573e-12 1.5572082474969 0.402 0.147 1.50619081765019e-07
"H2-Q7" 7.45506799148289e-12 1.02338418732321 0.691 0.362 1.65584515158826e-07
"Trim30a" 8.30410310156493e-12 1.13668375979741 0.536 0.231 1.84442433988859e-07
"Rtp4" 1.22367755083882e-11 1.30198110389101 0.351 0.115 2.71791020816809e-07
"Aoc3" 1.30228930881966e-11 1.17418206570964 0.536 0.231 2.89251478381934e-07
"Ccdc30" 1.36331516766555e-11 2.70457094641621 0.103 0.014 3.02805931890195e-07
"Cxcl12" 1.75979203188696e-11 1.38963555968851 0.639 0.365 3.90867408202414e-07
"Naalad2" 2.18370221353486e-11 1.33048538259313 0.402 0.15 4.85022098648228e-07
"Ctso" 2.48628648009866e-11 1.36179575749013 0.392 0.142 5.52229090094713e-07
"Ccn5" 2.95171195478076e-11 1.67643117791868 0.268 0.078 6.55604742276355e-07
"Arhgef6" 3.32564535718151e-11 1.41370089570309 0.237 0.062 7.38659090283586e-07
"Fzd4" 3.90316794227444e-11 1.44701466515489 0.402 0.158 8.66932631658577e-07
"Rrad" 3.91091454660135e-11 1.43263287292184 0.268 0.078 8.68653229945627e-07
"Tap1" 4.1750259081123e-11 1.13341235554007 0.567 0.266 9.27315004450824e-07
"Ifih1" 4.29242689060158e-11 1.37058487530157 0.351 0.123 9.53390936671518e-07
"Parp14" 4.36629381131849e-11 1.29433231963779 0.412 0.16 9.69797518431951e-07
"Nat8" 4.63182277571711e-11 4.14300003128596 0.041 0.002 1.02877415671453e-06
"Adap2os" 4.74473833731166e-11 3.5959521015546 0.041 0.002 1.05385383210029e-06
"Ctsh" 5.31715796587047e-11 1.2080661054909 0.67 0.399 1.18099395579949e-06
"Fgl2" 5.9168655081733e-11 1.37749142590817 0.402 0.154 1.31419499802037e-06
"Htra1" 6.63139083134506e-11 1.0798882611127 0.784 0.537 1.47289821755005e-06
"Pnp" 6.75816161161741e-11 1.04600197816564 0.804 0.564 1.50105527555634e-06
"Slc36a2" 8.07041512612278e-11 1.80076130253774 0.134 0.024 1.79251990366313e-06
"Cfb" 8.15635596237126e-11 1.41999464014956 0.691 0.445 1.81160822280228e-06
"Gm43914" 9.25923599503994e-11 3.53798800435222 0.031 0.001 2.05656890685832e-06
"Rai2" 9.36386989999436e-11 2.1204360634932 0.113 0.018 2.07980914348775e-06
"Tcf21" 9.48578526177641e-11 1.65993235012913 0.216 0.055 2.10688776449316e-06
"Arhgap15" 9.71830349677629e-11 2.06408993582065 0.144 0.028 2.15853238966898e-06
"Cyp4b1" 1.01223392856164e-10 2.29838689588722 0.144 0.028 2.24827277872825e-06
"Irgm2" 1.10461571953451e-10 1.23351042669105 0.454 0.187 2.4534619746581e-06
"Adamts10" 1.22707641172588e-10 1.09918613574469 0.454 0.19 2.72545941808435e-06
"Gpc3" 1.36591933362437e-10 1.00697628954131 0.474 0.199 3.03384343191308e-06
"Matn2" 1.41564006730768e-10 1.31554346879881 0.423 0.167 3.1442781534971e-06
"Eda" 1.64472961945468e-10 2.43828884968438 0.124 0.021 3.65310895777079e-06
"Plekhg2" 1.77121954047001e-10 1.07488845787585 0.557 0.269 3.93405572133794e-06
"Col4a3" 1.83186992718716e-10 2.71228041809398 0.072 0.008 4.0687662952754e-06
"Slc1a3" 1.99291882222058e-10 1.66463462811459 0.186 0.044 4.42647199603414e-06
"Lamb2" 1.99800434043164e-10 1.10151923410428 0.66 0.353 4.43776744053271e-06
"Gm12022" 2.23983296816558e-10 3.30321069228557 0.052 0.004 4.97489300559258e-06
"Ptpn6" 2.64985116282032e-10 1.02499395094456 0.247 0.07 5.8855844177402e-06
"Tap2" 3.56727407218324e-10 1.13462321256067 0.526 0.248 7.92327244172619e-06
"Rasgrp2" 3.72060167890127e-10 1.74992794137625 0.247 0.072 8.26382838900762e-06
"Sdk1" 3.93709336072152e-10 1.4633394174332 0.268 0.082 8.74467806349858e-06
"Arsi" 3.96512578497747e-10 1.11949972799718 0.474 0.2 8.80694088101345e-06
"Rgs10" 4.03380016685217e-10 1.60552664407559 0.392 0.157 8.95947355059536e-06
"Agtr1a" 4.16151730248746e-10 2.00057752316079 0.196 0.05 9.2431460805549e-06
"Ptn" 4.21661317818365e-10 2.00310352409723 0.443 0.21 9.3655195300637e-06
"Kcnk2" 4.62264093525883e-10 2.21389999625865 0.175 0.041 1.02673477813034e-05
"Icam1" 4.7193735230057e-10 1.11830453501693 0.66 0.369 1.0482200531948e-05
"Cfap70" 5.14662852237018e-10 7.68186939960217 0.021 0 1.14311766110364e-05
"Rnf223" 5.21845342560028e-10 5.17180987944775 0.021 0 1.15907069036008e-05
"Gm16587" 5.21845342560028e-10 5.3461529348367 0.021 0 1.15907069036008e-05
"A730071L15Rik" 5.29125619209884e-10 5.04256302387931 0.021 0 1.17524091282707e-05
"Trhr2" 5.29125619209884e-10 5.10468328567209 0.021 0 1.17524091282707e-05
"Dtx4" 5.43619708777714e-10 1.04557046964005 0.351 0.125 1.20743373516618e-05
"Gngt2" 6.33830666972441e-10 1.25098663959922 0.402 0.164 1.40780129441249e-05
"Ebf2" 6.57828376487984e-10 1.03251085745308 0.381 0.144 1.46110260701746e-05
"Tpst1" 7.47765616260023e-10 1.07031507958965 0.567 0.285 1.66086221027514e-05
"Plscr4" 7.70483672324188e-10 1.06925443243179 0.402 0.159 1.71132128459925e-05
"Sema6d" 7.87773384215507e-10 1.08049989546944 0.392 0.151 1.74972346368106e-05
"Ikbke" 8.33999447542708e-10 1.18222329680972 0.309 0.105 1.85239617293711e-05
"Adamtsl2" 8.80691555324141e-10 2.63043783475582 0.144 0.03 1.95610401353045e-05
"Casp12" 8.93466816967252e-10 1.13356452133139 0.557 0.26 1.98447914716596e-05
"Psme2" 1.07332253420038e-09 1.01454683603508 0.753 0.476 2.38395668071247e-05
"Man2b2" 1.12571747201624e-09 1.19232552672384 0.309 0.105 2.50033107709526e-05
"Wfdc1" 1.19665601212181e-09 1.6123286729236 0.216 0.061 2.65789266852376e-05
"Sobp" 1.2230027505453e-09 1.08495486740534 0.258 0.078 2.71641140923616e-05
"Olfml1" 1.33355564773486e-09 1.75343901578556 0.155 0.034 2.9619604491839e-05
"Pik3r1" 1.3466530415837e-09 1.04400094345298 0.68 0.4 2.99105107066155e-05
"Slc22a18" 1.43443718329133e-09 1.61975465106036 0.134 0.027 3.18602842780836e-05
"Ppm1n" 1.5214728783038e-09 2.12045687808129 0.227 0.066 3.37934341000057e-05
"Serpina3c" 1.52183127559296e-09 2.64643841291379 0.062 0.006 3.38013944621953e-05
"Tmem106a" 1.65371304212311e-09 1.19812993779468 0.371 0.147 3.67306203785965e-05
"H2-Eb1" 1.84544494958071e-09 1.28937953868498 0.639 0.371 4.09891777751372e-05
"Atp1b2" 1.85623051808398e-09 1.16543247342594 0.371 0.147 4.12287360371633e-05
"Fam129a" 1.99603533224212e-09 1.2368613771376 0.464 0.206 4.43339407644298e-05
"Dapk2" 2.04457133583623e-09 2.5374585856685 0.134 0.027 4.54119739402584e-05
"Hsd11b1" 2.13013436037686e-09 1.66936248453486 0.32 0.119 4.73124142783305e-05
"9930111J21Rik2" 2.24403943186172e-09 1.40256202174292 0.309 0.11 4.98423598210807e-05
"Scn1b" 2.6517974865771e-09 1.26384811866146 0.423 0.18 5.8899073974364e-05
"Eif4e3" 2.79328170619364e-09 1.23664713342365 0.32 0.116 6.2041579976267e-05
"F830016B08Rik" 2.79390416788105e-09 2.01221227455237 0.216 0.064 6.2055405472806e-05
"Lst1" 2.8275461851027e-09 1.55338958680754 0.32 0.118 6.28026283173161e-05
"Grik1" 2.84098496012071e-09 5.75748164975846 0.031 0.001 6.31011169492411e-05
"Gm14412" 2.94153292657652e-09 4.6123741968082 0.031 0.001 6.53343878321911e-05
"Gm49417" 3.12589158541127e-09 4.10197344485287 0.031 0.001 6.94291780035698e-05
"Ces2g" 3.15725026469787e-09 1.14614601644104 0.289 0.097 7.01256856292043e-05
"Slc10a6" 3.30104906391039e-09 1.55379400450427 0.155 0.035 7.33196007585138e-05
"Rab37" 3.52478468513181e-09 4.02404773311098 0.041 0.003 7.82889926414626e-05
"Trim30b" 3.66546008919994e-09 3.15330926973424 0.062 0.007 8.141353404122e-05
"Coro1a" 3.76786543726658e-09 1.19458419672748 0.402 0.166 8.36880592271281e-05
"Olfr558" 4.22572912071455e-09 2.80245640691012 0.072 0.009 9.38576695001909e-05
"Camk1d" 4.53811250445039e-09 1.84371890174515 0.175 0.045 0.000100796016836348
"Pltp" 4.63371639399382e-09 1.24303386643807 0.505 0.254 0.000102919474826997
"Nr1h3" 4.69288140567762e-09 1.45023430291761 0.278 0.095 0.000104233588901506
"H2-Oa" 4.72333886160718e-09 2.50252017041816 0.072 0.009 0.000104910079455157
"Adamts17" 4.79892642318352e-09 2.62135051711395 0.072 0.009 0.000106588954785329
"Cntln" 5.46483316392577e-09 1.18361330003581 0.351 0.134 0.000121379409403955
"Csf2rb" 5.49298884450121e-09 1.26788243628542 0.278 0.095 0.000122004775225216
"Alkal2" 5.59200069389866e-09 1.74092584076515 0.093 0.014 0.000124203927412183
"Ntrk1" 6.28553199045988e-09 1.40998005346758 0.258 0.084 0.000139607951040104
"Cd2" 6.34751128320312e-09 1.85206663003059 0.113 0.021 0.000140984573111225
"Abcd1" 6.40197339552768e-09 1.54700533502912 0.237 0.075 0.000142194231088065
"Cpxm1" 6.59302635145675e-09 1.08056718242375 0.804 0.663 0.000146437708292206
"Ddx60" 6.8061884420472e-09 1.67690646659875 0.278 0.096 0.00015117225148631
"Ciita" 8.00569707025607e-09 2.4886909550428 0.144 0.033 0.000177814537627458
"Nkx2-3" 8.03662870815628e-09 1.17796871529701 0.32 0.117 0.000178501560236859
"Ndn" 8.26380301268007e-09 1.15135802319211 0.485 0.247 0.000183547328714637
"Tbc1d32" 8.46632657458319e-09 1.60607862216562 0.206 0.06 0.000188045579548067
"Ccdc189" 8.78634819728704e-09 2.92803725468094 0.072 0.009 0.000195153579809942
"Pi16" 9.6880117060914e-09 1.03105772624328 0.454 0.21 0.000215180428003996
"Fgf10" 1.13210470713968e-08 1.34656358474851 0.237 0.075 0.000251451776502795
"Angpt4" 1.15753480230475e-08 1.4977428189876 0.216 0.065 0.000257100054939909
"Susd2" 1.19549853557125e-08 1.97990087476951 0.155 0.037 0.000265532179735731
"Nxpe4" 1.21966053125634e-08 2.30768138333031 0.093 0.015 0.000270898800597346
"Socs1" 1.23743590266887e-08 1.61188016509886 0.423 0.196 0.000274846888341783
"Hrh2" 1.24427310561908e-08 2.44539209844611 0.052 0.005 0.000276365499489054
"Aox3" 1.30053036084057e-08 1.8015376105105 0.186 0.052 0.000288860798446299
"H2-Aa" 1.3583122913996e-08 1.26830008356018 0.68 0.423 0.000301694743042766
"Hvcn1" 1.412026100199e-08 1.31446245454354 0.155 0.037 0.000313625117115201
"Plekhh2" 1.43056915506808e-08 1.37634517649289 0.247 0.081 0.000317743715032172
"Hcls1" 1.50575043438211e-08 1.01638814537773 0.227 0.07 0.000334442228980609
"Selenbp1" 1.59507736690076e-08 1.4723431208725 0.278 0.099 0.000354282633962328
"Acox3" 1.92596169282679e-08 1.96318102818793 0.258 0.09 0.000427775351593758
"Hcn4" 1.92605493117124e-08 2.29093184492125 0.093 0.016 0.000427796060762444
"Cryzl2" 1.95224514087413e-08 1.69189904210807 0.237 0.078 0.000433613168239553
"Robo2" 1.97216362851103e-08 2.32300446744482 0.072 0.01 0.000438037263528584
"Hmgcs2" 2.16215569654674e-08 1.8778597959839 0.124 0.026 0.000480236401759997
"Gm34030" 2.43252753336164e-08 1.56629164811312 0.155 0.038 0.000540288690434954
"Psmb10" 2.43713393973411e-08 1.07777018727972 0.577 0.323 0.000541311819354344
"Lfng" 2.46417978368735e-08 1.10596751645753 0.247 0.081 0.000547318971754798
"Isg15" 2.66011318704123e-08 1.0173123879163 0.505 0.248 0.000590837739973728
"Ppp1r14a" 2.81053392472828e-08 1.58674314788868 0.165 0.043 0.000624247690021398
"Plpp1" 2.8825620487761e-08 1.23188590322264 0.495 0.266 0.000640245856653659
"Qprt" 2.90182571666733e-08 2.21506912616864 0.113 0.023 0.000644524509928981
"Tnik" 3.18595843401724e-08 1.64950634914889 0.196 0.058 0.000707633227779569
"Il2rg" 3.3694195528032e-08 1.70809323861281 0.227 0.074 0.000748381776873118
"Tril" 3.52514369664963e-08 1.55503082187811 0.258 0.091 0.000782969666462849
"Ces1d" 3.55003658384136e-08 1.33453813616134 0.124 0.026 0.000788498625637005
"Astn2" 3.58248590489832e-08 2.31293860502058 0.072 0.01 0.000795705944336965
"Layn" 3.76211158894935e-08 1.55771348073543 0.268 0.098 0.00083560260502154
"B3gnt5" 3.81439669240354e-08 1.78352775450323 0.103 0.019 0.000847215649349751
"Calcrl" 3.95846693100439e-08 1.64321577556399 0.196 0.058 0.000879215090045386
"A530064D06Rik" 4.08633131478848e-08 4.6292313406295 0.031 0.002 0.00090761504832767
"Gm16014" 4.14848356193622e-08 3.93501711418382 0.031 0.002 0.000921419683941654
"4930570G19Rik" 4.14848356193622e-08 3.8527284910197 0.031 0.002 0.000921419683941654
"Clec9a" 4.1799024414075e-08 3.49665205384811 0.031 0.002 0.00092839813126102
"Itgal" 4.22920447869823e-08 1.67012273400623 0.186 0.053 0.000939348606763663
"Rgma" 4.2777487602497e-08 1.54202552386939 0.216 0.067 0.000950130777139062
"Smim41" 4.33558808353726e-08 1.42927767465996 0.186 0.053 0.000962977469234461
"Pabpc5" 4.34048975849924e-08 3.72192178680498 0.031 0.002 0.000964066180260266
"Fam110b" 4.40769723151375e-08 1.69657484922201 0.206 0.064 0.00097899363209152
"1700019A02Rik" 4.53221993877486e-08 5.77062499282259 0.01 0 0.00100665137060128
"Slc16a14" 4.53221993877486e-08 5.5549236330338 0.01 0 0.00100665137060128
"Panct2" 4.53221993877486e-08 5.46562751952523 0.01 0 0.00100665137060128
"Gm37336" 4.53221993877486e-08 5.46562751952523 0.01 0 0.00100665137060128
"Rd3" 4.53221993877486e-08 6.07554952007056 0.01 0 0.00100665137060128
"Zfp345" 4.53221993877486e-08 6.09562072696396 0.01 0 0.00100665137060128
"Platr29" 4.53221993877486e-08 5.87187891580646 0.01 0 0.00100665137060128
"Fam184b" 4.53221993877486e-08 5.51331243789094 0.01 0 0.00100665137060128
"Gm33370" 4.53221993877486e-08 5.33665612899172 0.01 0 0.00100665137060128
"Gm9754" 4.53221993877486e-08 5.81110683210587 0.01 0 0.00100665137060128
"Grm8" 4.53221993877486e-08 5.58336509383803 0.01 0 0.00100665137060128
"A430078I02Rik" 4.53221993877486e-08 5.6471776274219 0.01 0 0.00100665137060128
"Sbk2" 4.53221993877486e-08 5.54586653894635 0.01 0 0.00100665137060128
"Gm20650" 4.53221993877486e-08 5.34132027675304 0.01 0 0.00100665137060128
"Gm29724" 4.53221993877486e-08 5.63834834663096 0.01 0 0.00100665137060128
"Gm34885" 4.53221993877486e-08 5.83474315913716 0.01 0 0.00100665137060128
"Gm47231" 4.53221993877486e-08 6.15142705826793 0.01 0 0.00100665137060128
"4930429F24Rik" 4.53221993877486e-08 5.6973396789659 0.01 0 0.00100665137060128
"Nme9" 4.53221993877486e-08 6.11881618561631 0.01 0 0.00100665137060128
"Gm46212" 4.53221993877486e-08 5.58869564030291 0.01 0 0.00100665137060128
"Ifngas1" 4.53221993877486e-08 6.04132889377829 0.01 0 0.00100665137060128
"Spata48" 4.53221993877486e-08 6.17426074196169 0.01 0 0.00100665137060128
"Trpv3" 4.53221993877486e-08 6.04942167975803 0.01 0 0.00100665137060128
"Gm11574" 4.53221993877486e-08 6.24535590015692 0.01 0 0.00100665137060128
"Gm49586" 4.53221993877486e-08 6.1255886383974 0.01 0 0.00100665137060128
"Ighv1-82" 4.53221993877486e-08 5.9014723118375 0.01 0 0.00100665137060128
"Gm47071" 4.53221993877486e-08 5.1475845667906 0.01 0 0.00100665137060128
"Gm48899" 4.53221993877486e-08 5.63788957562741 0.01 0 0.00100665137060128
"Trav5-4" 4.53221993877486e-08 5.67982324771319 0.01 0 0.00100665137060128
"Fam135b" 4.53221993877486e-08 5.58869564030291 0.01 0 0.00100665137060128
"Kcnh8" 4.53221993877486e-08 6.27024483537098 0.01 0 0.00100665137060128
"Sult6b1" 4.53221993877486e-08 5.94723911966564 0.01 0 0.00100665137060128
"Olfr1444" 4.53221993877486e-08 5.46562751952523 0.01 0 0.00100665137060128
"Gm29946" 4.53221993877486e-08 5.63549059414174 0.01 0 0.00100665137060128
"Magee2" 4.53221993877486e-08 5.68473425273698 0.01 0 0.00100665137060128
"AC132444.1" 4.53221993877486e-08 5.6471776274219 0.01 0 0.00100665137060128
"Gm38033" 4.53221993877486e-08 5.81466220637479 0.01 0 0.00100665137060128
"Gm29156" 4.53221993877486e-08 5.1475845667906 0.01 0 0.00100665137060128
"Gm13261" 4.53221993877486e-08 5.63834834663096 0.01 0 0.00100665137060128
"Mymk" 4.53221993877486e-08 6.04942167975803 0.01 0 0.00100665137060128
"Gm13709" 4.53221993877486e-08 5.54952320642709 0.01 0 0.00100665137060128
"Gm42457" 4.53221993877486e-08 5.91999974209424 0.01 0 0.00100665137060128
"Gm43569" 4.53221993877486e-08 5.63549059414174 0.01 0 0.00100665137060128
"Gabbr2" 4.53221993877486e-08 5.31719500964627 0.01 0 0.00100665137060128
"Kncn" 4.53221993877486e-08 6.15142705826793 0.01 0 0.00100665137060128
"Dthd1" 4.53221993877486e-08 5.63549059414174 0.01 0 0.00100665137060128
"Gm42917" 4.53221993877486e-08 5.54035968894958 0.01 0 0.00100665137060128
"Actl6b" 4.53221993877486e-08 5.43981613505235 0.01 0 0.00100665137060128
"Gm15756" 4.53221993877486e-08 6.15142705826793 0.01 0 0.00100665137060128
"Gm26827" 4.53221993877486e-08 5.54952320642709 0.01 0 0.00100665137060128
"Cox8b" 4.53221993877486e-08 6.55142866021127 0.01 0 0.00100665137060128
"Sox1ot" 4.53221993877486e-08 5.58336509383803 0.01 0 0.00100665137060128
"Mfrp" 4.53221993877486e-08 5.34132027675304 0.01 0 0.00100665137060128
"Cabp7" 4.53221993877486e-08 5.83474315913716 0.01 0 0.00100665137060128
"Gm32369" 4.53221993877486e-08 5.87187891580646 0.01 0 0.00100665137060128
"Gm47400" 4.53221993877486e-08 5.51331243789094 0.01 0 0.00100665137060128
"9330111N05Rik" 4.53221993877486e-08 5.46562751952523 0.01 0 0.00100665137060128
"Olfr735" 4.53221993877486e-08 6.15142705826793 0.01 0 0.00100665137060128
"Mhrt" 4.53221993877486e-08 5.66889730004245 0.01 0 0.00100665137060128
"Gm35769" 4.53221993877486e-08 6.79484573963704 0.01 0 0.00100665137060128
"G730013B05Rik" 4.53221993877486e-08 5.46562751952523 0.01 0 0.00100665137060128
"Vmn2r90" 4.53221993877486e-08 6.45218265550445 0.01 0 0.00100665137060128
"4930445N18Rik" 4.53221993877486e-08 5.68473425273698 0.01 0 0.00100665137060128
"Gm46652" 4.53221993877486e-08 5.63834834663096 0.01 0 0.00100665137060128
"Gm45022" 4.53221993877486e-08 5.5549236330338 0.01 0 0.00100665137060128
"D330037F02Rik" 4.53221993877486e-08 6.75880240948922 0.01 0 0.00100665137060128
"Gip" 4.53221993877486e-08 6.76953376292275 0.01 0 0.00100665137060128
"BC048507" 4.53221993877486e-08 6.26815612962501 0.01 0 0.00100665137060128
"Ntf3" 4.56002835180872e-08 2.62674939948689 0.082 0.013 0.00101282789722024
"Sult1a1" 4.90829956552604e-08 1.75240103937881 0.144 0.035 0.00109018241649899
"Atp8b1" 5.17839808641287e-08 1.08665326952993 0.392 0.173 0.00115017399897316
"Gm11131" 5.8799927735874e-08 1.63825389688346 0.103 0.02 0.0013060051949415
"Ddt" 5.94180633112512e-08 1.25152653882902 0.402 0.194 0.0013197346042062
"Cyp2j6" 6.29742378797191e-08 1.37871756941451 0.237 0.079 0.00139872079754644
"Gm12216" 6.42688716730614e-08 1.48695358918132 0.216 0.069 0.00142747590873037
"Samsn1" 6.55449497043902e-08 2.35703287502544 0.186 0.055 0.00145581887788421
"AB124611" 6.5556686758438e-08 1.81336926395913 0.103 0.02 0.00145607956959167
"Cxcr5" 7.78872876252775e-08 3.47352197636951 0.041 0.003 0.00172995454544504
"Ripor3" 7.96597847055663e-08 1.58552497326555 0.144 0.036 0.00176932347809533
"Pycard" 8.37585112087882e-08 1.30283321587575 0.371 0.173 0.0018603602924584
"Extl3" 8.84423343288991e-08 1.01192397459418 0.474 0.243 0.00196439268777918
"Itga4" 8.8644366194346e-08 1.29040747058232 0.216 0.07 0.00196888001754262
"Myo1f" 9.18376924060834e-08 1.84766702029171 0.124 0.028 0.00203980698603152
"Vstm2b" 9.38179235374289e-08 1.41992815128222 0.124 0.028 0.00208378989968983
"Ednrb" 1.03421985086933e-07 2.35570243275582 0.155 0.042 0.00229710571076588
"C1qtnf7" 1.06017572483235e-07 1.1026297189501 0.278 0.103 0.00235475630242512
"Heph" 1.08037817540649e-07 1.94151916414518 0.165 0.046 0.00239962796539536
"Emid1" 1.13520018008628e-07 2.46352050567258 0.113 0.024 0.00252139311998964
"Ramp1" 1.14986422137661e-07 1.69754281586935 0.258 0.096 0.00255396342209958
"Gm3892" 1.20119967022801e-07 5.12001589739 0.021 0.001 0.00266798458754344
"Hmcn2" 1.20306811625788e-07 1.57247816131711 0.206 0.066 0.00267213459302039
"Ms4a14" 1.21365147784744e-07 5.03189038890207 0.021 0.001 0.00269564129744695
"Clec2g" 1.22622813333977e-07 4.79435144394809 0.021 0.001 0.00272357530696096
"Gm13021" 1.22622813333977e-07 4.02240278158881 0.021 0.001 0.00272357530696096
"Nat8f6" 1.23893084333471e-07 4.80418972618303 0.021 0.001 0.00275178929613072
"G6pc" 1.23893084333471e-07 4.68443478081601 0.021 0.001 0.00275178929613072
"Ang" 1.25112012252768e-07 1.18805139479905 0.258 0.093 0.00277886290414623
"Sox10" 1.25176082565523e-07 4.41919687801515 0.021 0.001 0.00278028596986283
"Pirb" 1.2573189645471e-07 1.35386375946584 0.165 0.046 0.00279263115215556
"Lipg" 1.2666444815386e-07 2.13992164088202 0.082 0.014 0.00281334405794538
"Adhfe1" 1.33691385859327e-07 1.79471813593097 0.124 0.028 0.0029694193713215
"Pld4" 1.33988888257107e-07 1.90379188067782 0.165 0.047 0.0029760271970786
"Cnpy3" 1.48991284500722e-07 1.10523801325652 0.371 0.166 0.00330924542004553
"Wdyhv1" 1.52178992043427e-07 1.67967176550933 0.175 0.052 0.00338004759227656
"Sorl1" 1.59810502877076e-07 1.20233558909029 0.186 0.055 0.00354955107940274
"Rab28" 1.63781206236568e-07 1.1309180952834 0.392 0.184 0.00363774437172041
"H2-Ab1" 1.66926580821485e-07 1.15320460497584 0.691 0.478 0.003707606286626
"Vwa1" 1.74522985619387e-07 1.47573337816822 0.196 0.061 0.00387633003359221
"Ptk6" 1.828352352559e-07 2.44537575426276 0.072 0.011 0.0040609534102688
"Ift27" 1.89652805676967e-07 1.22167568769268 0.361 0.162 0.00421237846689112
"Gm2814" 1.91217811925612e-07 2.49281099595515 0.062 0.008 0.00424713882067977
"Ifi206" 1.92810390616386e-07 2.31838960448667 0.082 0.014 0.00428251158598056
"Wdr86" 2.00698281943309e-07 1.99562771637245 0.062 0.008 0.00445770954024284
"Slfn8" 2.06876561222198e-07 1.56587334187609 0.206 0.066 0.00459493530130625
"D430040D24Rik" 2.11845391215825e-07 2.35095441466722 0.093 0.018 0.00470529798429468
"Pdlim2" 2.20619747223781e-07 1.09261350709076 0.423 0.203 0.0049001852055874
"Gadd45g" 2.31008757968332e-07 1.01964544273085 0.577 0.343 0.00513093552323462
"Lactb" 2.39721467800797e-07 1.36734458597056 0.289 0.118 0.00532445352132351
"Slc4a3" 2.4044733409266e-07 1.24117000150364 0.247 0.09 0.00534057573753208
"Fcer1g" 2.4967194334398e-07 1.12582513182548 0.381 0.177 0.00554546353361314
"Rem1" 2.49804253345539e-07 1.03195085709903 0.289 0.113 0.00554840227105776
"Zfp521" 2.53420519280489e-07 1.38244323897082 0.216 0.072 0.00562872315373894
"Tk2" 2.55528935758642e-07 1.28011100254499 0.206 0.067 0.0056755531921352
"Chst15" 2.62693631425776e-07 1.03028589293536 0.351 0.155 0.00583468824759792
"Pcdhga3" 2.72684027403634e-07 2.89937001294567 0.041 0.004 0.00605658493266211
"Gpr141" 2.827713902495e-07 3.14147164562162 0.041 0.004 0.00628063534883165
"Slc16a9" 2.85694148921599e-07 1.46531729340793 0.175 0.052 0.00634555274169764
"Unc45b" 2.86419188139463e-07 2.5170579002352 0.103 0.022 0.00636165658776561
"Adora2a" 2.88804535669951e-07 1.29966477145415 0.196 0.063 0.00641463754176528
"Ptprc" 3.06631235734638e-07 1.09293979580524 0.351 0.15 0.00681058637690204
"Slc9a9" 3.13086178195988e-07 1.49683481989108 0.124 0.029 0.00695395710391109
"Fam169b" 3.13163104311587e-07 3.17838150650184 0.062 0.009 0.00695566570986465
"Dand5" 3.13789042518356e-07 1.53127061548396 0.227 0.082 0.0069695684233752
"Gapt" 3.15829339180239e-07 3.47740183127358 0.031 0.002 0.00701488545253229
"Prickle2" 3.17243568807439e-07 1.06880875981169 0.299 0.119 0.00704629690678203
"Serpina3g" 3.18382087829477e-07 1.46043726617835 0.268 0.104 0.00707158455278052
"Nmi" 3.18793181463932e-07 1.38920184819721 0.247 0.092 0.00708071535349538
"Slc16a12" 3.19749417147424e-07 1.96656555969219 0.082 0.014 0.00710195430426143
"Adam5" 3.22203840429862e-07 3.5203703706766 0.031 0.002 0.00715646949978767
"Fam122a" 3.24314388937291e-07 1.39508886206614 0.247 0.092 0.00720334689268617
"Nat8f5" 3.33104987447993e-07 2.83983824307648 0.031 0.002 0.00739859487620738
"Gm49970" 3.35327540093138e-07 3.36165478197379 0.031 0.002 0.00744795999300869
"Hsd11b2" 3.51369078137371e-07 2.43931895527468 0.062 0.009 0.00780425859450916
"Cntfr" 3.81639323151378e-07 1.50598772133886 0.227 0.081 0.00847659100651527
"Mppe1" 3.93601508829118e-07 1.28104918809703 0.206 0.069 0.00874228311260353
"Kctd12b" 4.01328321249605e-07 1.27124137476917 0.186 0.058 0.00891390334327498
"Hand2os1" 4.2560877323655e-07 1.22263497404987 0.278 0.11 0.00945319646235701
"Jade2" 4.31701969231142e-07 1.17723410986837 0.237 0.085 0.0095885324385929
"Parm1" 4.40997028321412e-07 1.42652694796262 0.309 0.13 0.00979498499604687
